6,6,6,7,6,6,6,6,6,6,6,6,6,6,6,6,6,6,6,6,6,6,6,6,6,6,6,6,6,6,6,6,6,6,6,6,6,7,6,6,7,6,6,6,7,7,6,6,6,6,6,6,6,6,7,6,6,6,6,6,6,6,6,6,6,7,6,6,7,6,6,6,6,6,6,6,7,5,7,6,6,6,6,6,6,6,6,6,6,6,6,6,6,6,6,6,6,7,6,6,6,6,6,6,6,6,6,7,6,7,6,6,6,6,6,6,7,6,6,6,6,7,6,6,6,6,6,6,
6,6,6,6,7,6,6,6,6,6,6,7,7,6,6,8,8,8,6,6,6,6,6,6,6,6,6,6,6,6,6,6,6,6,6,6,6,6,6,7,7,6,6,7,6,7,6,6,6,6,6,6,7,6,6,6,6,6,7,6,6,6,6,6,6,7,6,6,6,6,6,6,7,6,6,7,6,6,6,6,6,6,6,6,6,6,6,6,6,6,6,6,6,7,6,6,6,6,7,6,6,6,6,6,6,6,6,6,6,6,6,6,6,6,6,6,6,6,6,6,6,7,6,6,6,6,7,7,
6,6,6,7,6,6,6,6,6,6,6,6,6,6,7,6,6,6,6,6,6,6,6,6,6,6,6,6,6,6,6,6,6,6,6,6,6,6,6,6,6,6,6,6,6,6,6,6,6,6,6,6,6,6,6,7,6,6,6,6,6,6,6,6,6,6,6,6,6,6,6,6,6,6,6,6,6,6,6,6,6,6,7,6,7,6,6,6,6,6,6,6,6,6,6,6,6,6,6,6,6,6,6,6,6,6,6,6,6,6,6,6,6,6,6,6,6,6,6,6,6,6,6,6,6,6,7,6,
6,6,6,6,6,6,6,6,7,6,7,6,6,6,6,6,6,6,6,6,7,6,6,7,6,6,6,6,6,6,6,6,6,6,6,6,6,6,6,6,6,6,6,6,6,6,6,6,6,6,6,6,6,6,6,6,6,6,6,6,6,6,6,6,6,6,7,6,6,6,6,6,6,6,6,6,6,6,6,6,6,6,6,6,6,6,6,6,6,6,6,6,6,6,6,6,6,6,6,6,6,6,6,6,6,6,6,6,6,6,6,6,6,6,6,6,6,6,6,6,6,6,6,6,6,6,6,6,
6,6,6,6,6,6,6,7,6,6,6,6,7,6,6,6,6,6,6,7,6,7,7,7,6,6,6,7,7,7,6,6,6,6,6,6,6,6,6,6,6,6,6,6,6,6,7,6,6,6,6,7,6,6,6,6,6,6,6,6,6,6,6,6,6,6,6,6,6,6,6,6,6,6,6,6,6,7,6,6,6,6,8,5,7,7,6,6,6,7,6,6,6,7,6,7,6,7,6,6,7,7,6,6,7,6,6,7,7,6,6,7,6,6,7,7,6,6,7,6,6,6,6,7,7,6,6,6,
6,6,6,7,6,6,6,6,7,6,6,7,6,7,7,6,6,6,6,7,7,7,6,6,6,6,6,6,6,6,6,6,6,6,6,6,7,7,6,6,7,6,6,7,6,6,6,6,6,6,6,6,7,6,6,6,6,6,6,6,6,7,6,6,6,7,7,7,6,7,7,6,7,6,6,6,6,7,7,6,6,6,7,6,6,7,6,6,7,7,7,-47,-140,-44,15,9,43,94,-27,-47,-4,28,23,79,117,-19,6,6,4,6,7,22,-23,8,5,8,17,5,5,2,32,-17,2,-1,14,15,11,1,
16,3,-48,-141,-51,11,41,35,1,-179,-482,-519,-517,-81,-81,122,122,177,120,19,-14,4,4,4,2,-507,-507,-507,-502,-502,-502,-493,-493,-492,-490,-489,-489,-489,-489,-489,-489,-489,-489,-488,-488,-488,-488,-487,-487,-487,-487,-487,-487,-487,-487,-487,-486,-486,-486,-486,-486,-486,-486,-486,-486,-483,-490,-498,-504,-510,-514,-517,-520,-522,-524,-525,-526,-527,-527,-528,-528,-528,-529,-529,-529,-529,-529,-529,-529,-529,-529,-529,-529,-529,-529,-529,-529,-529,-529,-529,-529,-529,-529,-529,-529,-529,-529,-529,-529,-529,-529,-529,-529,-529,-529,-529,-529,-529,-529,-529,-529,-529,-529,-529,-529,-529,-529,-529,
-529,-529,-529,-529,-529,-529,-529,-529,-529,-529,-529,-529,-529,-529,-529,-529,-529,-529,-529,-529,-529,-529,-529,-529,-529,-529,-529,-529,-529,-529,-529,-529,-529,-529,-529,-529,-529,-529,-529,-529,-529,-529,-529,-529,-529,-529,-529,-529,-529,-529,-529,-529,-529,-529,-529,-529,-529,-529,-529,-529,-529,-529,-529,-529,-529,-529,-529,-529,-529,-529,-529,-529,-529,-529,-529,-529,-529,-529,-529,-529,-529,-529,-529,-529,-529,-529,-529,-529,-529,-529,-529,-529,-529,-529,-529,-529,-529,-529,-529,-529,-529,-529,-529,-529,-529,-529,-529,-529,-529,-529,-529,-529,-529,-529,-529,-529,-529,-529,-529,-529,-529,-529,-529,-529,-529,-529,-529,-529,
-529,-529,-529,-529,-529,-529,-529,-529,-529,-529,-529,-529,-529,-529,-529,-529,-529,-529,-529,-529,-529,-529,-529,-529,-529,-529,-529,-529,-529,-529,-529,-529,-529,-529,-529,-529,-529,-529,-529,-529,-529,-529,-529,-529,-529,-529,-529,-529,-529,-529,-529,-529,-529,-529,-529,-529,-529,-529,-529,-529,-529,-529,-529,-529,-529,-529,-529,-529,-529,-529,-529,-529,-529,-529,-529,-529,-529,-529,-529,-529,-529,-529,-529,-529,-529,-529,-529,-529,-529,-529,-529,-529,-529,-529,-529,-529,-529,-529,-529,-529,-529,-529,-529,-529,-529,-529,-529,-529,-529,-529,-529,-529,-529,-529,-529,-529,-529,-529,-529,-529,-529,-529,-529,-529,-529,-529,-529,-529,
-529,-529,-529,-529,-529,-529,-529,-529,-529,-529,-529,-529,-529,-529,-529,-529,-529,-529,-529,-529,-529,-529,-529,-529,-529,-529,-529,-529,-529,-529,-529,-529,-529,-529,-529,-529,-529,-529,-529,-529,-529,-529,-529,-529,-529,-529,-529,-529,-529,-529,-529,-529,-529,-529,-529,-529,-529,-529,-529,-529,-529,-529,-529,-529,-529,-529,-529,-529,-529,-529,-529,-529,-529,-529,-529,-529,-529,-529,-529,-529,-529,-529,-529,-529,-529,-529,-529,-529,-529,-529,-529,-529,-529,-529,-529,-529,-529,-529,-529,-529,-529,-529,-529,-529,-529,-529,-529,-529,-529,-529,-529,-529,-529,-529,-529,-529,-529,-529,-529,-529,-529,-529,-529,-529,-529,-529,-529,-529,
-529,-529,-529,-529,-529,-529,-529,-529,-529,-529,-529,-529,-529,-529,-529,-529,-529,-529,-529,-529,-529,-529,-529,-529,-529,-529,-529,-529,-529,-529,-529,-529,-529,-529,-529,-529,-529,-529,-529,-529,-529,-529,-529,-529,-529,-529,-529,-529,-529,-529,-529,-529,-529,-529,-529,-529,-529,-529,-529,-529,-529,-529,-529,-529,-529,-529,-529,-529,-529,-529,-529,-529,-529,-529,-529,-529,-529,-529,-529,-529,-529,-529,-529,-529,-529,-529,-529,-529,-529,-529,-529,-529,-529,-529,-529,-529,-529,-529,-529,-529,-529,-529,-529,-529,-529,-529,-529,-529,-529,-529,-529,-529,-529,-529,-529,-529,-529,-529,-529,-529,-529,-529,-529,-529,-529,-529,-529,-529,
-529,-529,-529,-529,-529,-529,-529,-529,-529,-529,-529,-529,-529,-529,-529,-529,-529,-529,-529,-529,-529,-529,-529,-529,-529,-529,-529,-529,-529,-529,-529,-529,-529,-529,-529,-529,-529,-529,-529,-529,-529,-529,-529,-529,-529,-529,-529,-529,-529,-529,-529,-529,-529,-529,-529,-529,-529,-529,-529,-529,-529,-529,-529,-529,-529,-529,-529,-529,-529,-529,-529,-529,-529,-529,-529,-529,-529,-529,-529,-529,-529,-529,-529,-529,-529,-529,-529,-529,-529,-529,-529,-529,-529,-529,-529,-529,-529,-529,-529,-529,-529,-529,-529,-529,-529,-529,-529,-529,-529,-529,-529,-529,-529,-529,-529,-529,-529,-529,-529,-529,-529,-529,-529,-529,-529,-529,-529,-529,
-529,-529,-529,-529,-529,-529,-529,-529,-529,-529,-529,-529,-529,-529,-529,-529,-529,-529,-529,-529,-529,-529,-529,-529,-529,-529,-529,-529,-529,-529,-529,-529,-529,-529,-529,-529,-529,-529,-529,-529,-529,-529,-529,-529,-529,-529,-529,-529,-529,-529,-529,-529,-529,-529,-529,-529,-529,-529,-529,-529,-529,-529,-529,-529,-529,-529,-529,-529,-529,-529,-529,-529,-529,-529,-529,-529,-529,-529,-529,-529,-529,-529,-529,-529,-529,-529,-529,-529,-529,-529,-529,-529,-529,-529,-529,-529,-529,-529,-529,-529,-529,-529,-529,-529,-529,-529,-529,-529,-529,-529,-529,-529,-529,-529,-529,-529,-529,-529,-529,-529,-529,-529,-529,-529,-529,-529,-529,-529,
-529,-529,-529,-529,-529,-529,-529,-529,-529,-529,-529,-529,-529,-529,-529,-529,-529,-529,-529,-529,-529,-529,-529,-529,-529,-529,-529,-529,-529,-529,-529,-529,-529,-529,-529,-529,-529,-529,-529,-529,-529,-529,-529,-529,-529,-529,-529,-529,-529,-529,-529,-529,-529,-529,-529,-529,-529,-529,-529,-529,-529,-529,-529,-529,-529,-529,-529,-529,-529,-529,-529,-529,-529,-529,-529,-529,-529,-529,-529,-529,-529,-529,-529,-529,-529,-529,-529,-529,-529,-529,-529,-529,-529,-529,-529,-529,-529,-529,-529,-529,-529,-529,-529,-529,-529,-529,-529,-529,-529,-529,-529,-529,-529,-529,-529,-529,-529,-529,-529,-529,-529,-529,-529,-529,-529,-529,-529,-529,
-529,-529,-529,-529,-529,-529,-529,-529,-529,-529,-529,-529,-529,-529,-529,-529,-529,-529,-529,-529,-529,-529,7,10,10,10,5,5,5,5,4,4,4,4,4,4,4,4,4,4,4,4,4,4,4,4,4,4,4,4,4,4,4,4,4,4,4,4,4,4,4,4,4,4,4,4,4,4,4,4,4,4,4,4,4,4,4,4,4,4,4,4,4,4,4,4,4,4,4,4,4,4,4,4,4,4,4,4,4,4,4,4,4,4,4,4,4,4,4,4,4,4,4,4,4,4,4,4,4,4,4,4,4,4,4,4,4,4,
4,4,4,4,4,4,4,4,4,4,4,4,-22,-118,-209,-419,-419,-460,-473,-485,-485,-485,-486,-486,-486,-489,-489,-489,-510,-510,-510,-514,-514,-514,-514,-514,-514,-520,-520,-522,-524,-525,-526,-527,-527,-526,-517,-512,-519,-514,-497,-471,-447,-444,-440,-427,-383,-341,-257,-104,94,137,156,95,30,3,0,6,28,23,-12,-15,-8,-54,-67,-59,-42,-14,33,38,8,-25,-44,-54,-60,-56,-58,-52,-49,-38,-29,-28,-23,-18,-20,-21,-23,-16,-6,6,22,20,8,1,-3,-1,-2,10,266,368,69,-143,69,60,-11,1,9,6,6,7,7,7,7,6,7,6,6,6,
6,6,6,6,6,6,6,6,6,6,6,6,6,6,6,7,7,7,7,7,7,6,7,7,6,6,6,6,6,6,6,6,6,6,6,6,6,6,6,6,6,6,6,6,6,6,6,6,6,6,6,6,6,6,6,6,6,6,6,6,6,6,6,6,6,6,6,6,6,6,6,6,6,6,6,6,6,6,6,6,6,6,6,6,6,6,6,6,6,6,6,6,6,6,6,6,6,6,6,6,6,6,6,6,6,6,6,6,6,6,6,6,6,6,6,6,6,6,6,6,6,6,6,6,6,6,6,6,
6,6,6,6,6,6,6,6,6,6,6,6,6,6,6,6,6,6,6,6,6,6,6,6,6,6,6,6,6,6,6,6,6,6,6,6,6,6,6,6,6,6,6,6,6,6,6,6,6,6,6,6,6,6,6,6,6,6,6,6,6,6,6,6,6,6,6,6,6,6,6,6,6,6,6,6,6,6,6,6,6,6,6,6,6,6,6,6,6,6,6,6,6,6,6,6,6,6,6,6,6,6,6,6,6,6,6,6,6,6,6,6,6,6,6,6,6,6,6,6,6,6,6,6,6,6,6,6,
6,6,6,6,6,6,6,6,6,6,6,6,6,6,6,6,6,6,6,6,6,6,6,6,6,6,6,6,6,6,6,6,6,6,6,6,6,6,6,6,6,6,6,6,6,6,6,6,6,6,6,6,6,6,6,6,6,6,6,6,6,6,6,6,6,6,6,6,6,6,6,6,6,6,6,6,6,6,6,6,6,6,6,6,6,6,6,6,6,6,6,6,6,6,6,6,6,6,6,6,6,6,6,6,6,6,6,6,6,6,6,6,6,6,6,6,6,6,6,6,6,6,6,6,6,6,6,6,
6,6,6,6,6,6,6,6,6,6,6,6,6,6,6,6,6,6,6,6,6,6,6,6,6,6,6,6,6,6,6,6,6,6,6,6,6,6,6,6,6,6,6,6,6,6,6,6,6,6,6,6,6,6,6,6,6,6,6,6,6,6,6,6,6,6,6,6,4,-2,7,7,6,6,6,6,6,6,6,6,6,6,6,6,6,6,6,6,6,6,6,6,6,6,6,6,6,6,6,6,6,6,6,6,6,6,6,6,6,6,10,7,5,6,6,6,6,6,5,4,5,-3,-57,-121,-53,16,30,19,
8,5,4,5,4,4,4,4,4,3,3,3,3,3,3,3,3,3,3,3,3,3,3,3,4,230,230,230,63,-17,-17,-12,-1,-1,3,3,3,3,3,3,3,3,3,3,3,3,4,4,4,4,4,4,4,4,4,4,4,4,4,4,4,4,4,4,4,4,4,4,4,4,4,4,4,4,4,4,4,4,4,4,4,4,4,4,4,4,4,4,4,4,-19,-174,-397,-467,-483,-486,-487,-487,-487,-487,-487,-486,-455,-407,-399,-418,-381,-376,-370,-283,-257,-239,-86,83,231,159,45,-5,-10,-2,-25,-81,-121,129,125,38,-7,-12,
-3,3,4,4,4,4,4,4,4,4,4,4,4,5,5,5,4,4,4,4,4,4,-486,-486,-486,-486,-486,-486,-486,-486,-486,-485,-485,-485,-485,-485,-485,-485,-485,-494,-494,-507,-507,-512,-516,-519,-521,-522,-521,-521,-521,-521,-522,-522,-522,-523,-524,-525,-526,-527,-527,-527,-526,-526,-526,-526,-525,-525,-524,-524,-524,-523,-523,-523,-522,-522,-522,-521,-520,-520,-520,-519,-519,-519,-519,-519,-519,-520,-520,-521,-521,-521,-521,-521,-521,-521,-521,-520,-520,-520,-519,-519,-518,-518,-517,-517,-516,-516,-515,-515,-514,-514,-513,-513,-499,-441,-360,-275,-202,-150,-92,8,29,64,74,41,13,-23,
-45,-53,-56,-69,-105,-222,172,172,100,100,49,139,136,26,79,0,0,7,7,6,6,6,6,6,6,6,6,6,5,5,5,5,5,5,5,5,5,6,6,6,6,6,6,6,6,6,6,6,6,6,6,6,6,6,6,6,6,6,6,6,6,6,6,6,6,6,6,6,6,6,6,6,6,6,6,6,6,6,6,6,6,6,6,6,6,6,6,6,6,6,6,6,6,6,6,6,6,6,6,6,6,6,6,6,6,6,6,6,6,6,6,6,6,6,6,6,6,6,6,6,6,6,6,6,6,6,6,6,
6,6,6,6,6,6,6,6,6,6,6,6,6,6,6,6,6,6,6,6,6,6,6,6,6,6,6,6,6,6,6,6,6,6,6,6,6,6,6,6,6,6,6,6,6,6,6,6,6,6,6,6,6,6,6,6,6,6,6,6,6,6,6,6,6,6,6,6,6,6,6,6,6,6,6,6,6,6,6,6,6,6,6,6,6,6,6,6,6,6,6,6,6,6,6,6,6,6,6,6,6,6,6,6,6,6,6,6,6,6,6,6,6,6,6,6,6,6,6,6,6,6,6,6,6,6,6,6,
6,6,6,6,6,6,6,6,6,6,6,6,6,6,6,6,6,6,6,6,6,6,6,6,6,6,6,6,6,6,6,6,6,6,6,6,6,6,6,6,6,6,6,6,6,6,6,6,6,6,6,6,6,6,6,6,6,6,6,6,6,6,6,6,6,6,6,6,6,6,6,6,6,6,6,6,6,6,6,6,6,6,6,6,6,6,6,6,6,6,6,6,6,6,6,6,6,6,6,6,6,6,6,6,6,6,6,6,6,6,6,6,6,6,6,6,6,6,6,6,6,6,6,6,6,6,6,6,
6,6,6,6,6,6,6,6,6,6,6,6,6,6,6,6,6,6,6,6,6,6,6,6,6,6,6,6,6,6,6,6,6,6,6,6,6,6,6,6,6,6,6,6,6,6,6,6,6,6,6,6,6,6,6,6,6,6,6,6,6,6,6,6,6,6,6,6,6,6,6,6,6,6,6,6,6,6,6,6,6,6,6,6,6,6,7,6,7,8,13,8,4,6,2,-63,-331,-555,-134,355,-54,-124,24,54,8,2,3,4,5,4,4,4,4,4,3,3,3,3,3,3,3,3,3,3,3,3,3,3,
3,3,3,3,3,3,3,3,3,3,3,3,3,3,3,3,3,4,4,4,4,4,4,4,4,4,4,4,4,4,4,4,4,4,4,4,4,4,4,4,4,4,4,4,4,4,4,4,4,4,4,4,4,4,4,4,4,4,4,4,4,4,4,4,4,4,4,4,4,4,4,4,4,4,4,4,4,4,4,4,4,4,4,4,4,4,4,4,4,4,4,4,4,4,4,4,4,4,4,4,4,4,4,4,4,4,4,4,4,4,4,4,4,4,4,4,4,4,4,4,4,4,4,4,4,4,4,4,
4,4,4,4,4,4,4,4,4,4,4,4,4,4,4,2,2,3,4,4,4,4,4,4,4,4,4,4,4,4,4,4,4,4,4,4,4,4,4,4,4,4,4,4,4,4,4,4,4,4,4,4,4,4,4,4,4,4,4,4,4,4,4,4,4,4,4,4,4,4,4,4,4,4,4,4,4,4,4,4,4,4,4,4,4,4,4,4,4,4,4,4,4,4,4,4,4,4,4,4,4,4,4,4,4,4,4,4,4,4,4,4,4,4,4,4,4,4,4,4,4,4,4,4,4,4,4,4,
4,4,4,4,4,4,4,4,4,4,4,4,4,4,4,4,4,4,4,4,4,4,4,-486,-486,-486,-486,-486,-486,-486,-486,-486,-486,-483,-483,-483,-483,-483,-483,-483,-483,-496,-496,-503,-509,-513,-517,-520,-522,-525,-526,-527,-527,-528,-528,-529,-529,-529,-529,-529,-529,-529,-529,-529,-529,-529,-529,-529,-529,-529,-529,-529,-529,-529,-529,-529,-529,-527,-524,-528,-326,241,281,40,-79,-181,-270,-368,-451,-479,-480,-476,-476,-484,-485,-486,-487,-487,-487,-483,-476,-482,-480,-482,-498,-507,-514,-517,-520,-522,-524,-525,-526,-527,-528,-354,313,252,-12,-19,14,10,7,4,-6,-147,27,175,
3,-13,9,8,6,7,3,3,-27,-27,-93,-231,-470,-524,-528,-513,-513,-513,-506,-501,-487,-487,-487,-487,-487,-487,-486,-486,-486,-494,-494,-494,-494,-494,-494,-494,-502,-502,-512,-512,-512,-516,-519,-522,-523,-525,-526,-527,-527,-528,-528,-529,-529,-529,-529,-529,-529,-529,-529,-529,-529,-529,-529,-529,-529,-529,-529,-529,-529,-529,-529,-529,-529,-529,-529,-529,-529,-529,-529,-529,-529,-529,-529,-529,-529,-529,-529,-529,-529,-529,-529,-529,-529,-529,-529,-529,-529,-529,-529,-529,-529,-529,-529,-529,-529,-529,-529,-529,-529,-529,-529,-529,-529,-529,-529,-529,-529,-529,-529,-529,-529,-529,-529,-529,-529,-529,-529,-529,
-528,-526,-524,-523,-520,-520,-519,-518,-450,50,356,96,-179,-179,-270,-457,-199,-171,-171,-171,-500,-500,-500,-171,-171,-65,209,-41,-41,-41,-41,-41,-41,-41,-41,16,16,8,5,6,6,6,6,6,6,6,6,6,6,6,6,6,6,6,6,6,6,6,6,6,6,6,6,6,6,6,6,6,6,6,6,6,6,6,6,6,6,6,6,6,6,6,6,6,6,6,6,6,6,6,6,6,6,6,6,6,6,6,6,6,6,6,6,6,6,6,6,6,6,6,6,6,6,6,6,6,6,6,6,6,6,6,6,6,6,6,6,6,
6,6,6,6,6,6,6,6,6,6,6,6,6,6,6,6,6,6,6,6,6,6,6,6,6,6,6,6,6,6,6,6,6,6,6,6,6,6,6,6,6,6,6,6,6,6,6,6,6,6,6,6,6,6,6,6,6,6,6,6,6,6,6,6,5,5,4,4,-47,-294,-545,-561,-553,-539,-527,-517,-509,-504,-500,-496,-494,-492,-491,-490,-489,-489,-488,-488,-488,-488,-487,-487,-487,-487,-487,-487,-487,-486,-486,-486,-486,-486,-486,-486,-486,-485,-484,-492,-499,-506,-511,-515,-518,-521,-523,-524,-526,-526,-527,-528,-528,-528,-529,-529,-529,-529,-529,-529,
-529,-529,-529,-529,-529,-529,-529,-529,-529,-529,-529,-529,-529,-529,-529,-529,-529,-529,-529,-529,-529,-529,-529,-529,-529,-529,-529,-529,-529,-529,-529,-529,-529,-529,-529,-529,-529,-529,-529,-529,-529,-529,-529,-529,-529,-529,-529,-529,-529,-529,-529,-529,-529,-529,-529,-529,-529,-529,-529,-529,-529,-529,-529,-529,-529,-529,-529,-529,-529,-529,-529,-529,-529,-529,-529,-529,-529,-529,-529,-529,-529,-529,-529,-529,-529,-529,-529,-529,-529,-529,-529,-529,-529,-529,-529,-529,-529,-529,-529,-529,-529,-529,-529,-529,-529,-529,-529,-529,-529,-529,-529,-529,-529,-529,-529,-529,-529,-529,-529,-529,-529,-529,-529,-529,-529,-529,-529,-529,
-529,-529,-529,-529,-529,-529,-529,-529,-529,-411,165,345,106,-219,0,0,125,-203,-489,-487,-486,-483,-483,-499,-499,-499,-515,-515,-515,-523,-524,-524,-524,-524,-524,-524,-524,-524,-526,-526,-527,-528,-528,-528,-529,-529,-529,-529,-529,-529,-529,-529,-529,-529,-528,-527,-527,-526,-525,-525,-524,-524,-524,-510,-503,-499,-496,-492,-486,-474,-80,358,151,-149,-183,-295,-450,144,337,8,-169,-240,-465,-297,-244,-248,-254,-251,-247,-231,-219,-207,-203,-188,-185,-169,-182,-172,-167,-165,-164,-164,-166,-166,-165,-164,-163,-163,-164,-164,-109,-18,24,64,143,274,42,-41,3,9,3,4,5,5,5,5,5,5,
6,6,6,6,6,6,6,6,6,6,6,6,6,6,6,6,6,6,6,6,6,6,6,6,6,6,6,6,6,6,6,6,6,6,6,6,6,6,6,6,6,6,6,6,6,6,6,6,6,6,6,6,6,6,6,6,6,6,6,6,6,6,6,6,6,6,6,6,6,6,6,6,6,6,6,6,6,6,6,6,6,5,6,6,6,6,6,6,6,6,6,6,6,6,6,6,6,6,6,6,6,6,6,6,6,6,6,6,5,6,6,6,6,6,6,6,6,6,6,5,6,6,5,6,6,6,8,6,
5,5,6,6,6,6,6,6,6,6,6,6,6,5,6,6,6,6,6,6,6,6,6,6,7,5,-1,-1,-2,12,12,12,9,9,9,6,6,6,7,7,7,7,7,7,6,6,6,6,6,6,6,6,6,6,6,6,6,6,6,6,6,6,6,6,6,6,6,6,6,6,6,6,6,6,6,6,6,6,6,6,6,6,6,6,6,6,6,6,6,6,6,6,6,6,6,6,6,6,6,6,6,6,6,6,6,6,6,6,6,6,6,6,6,6,6,6,6,6,6,6,6,6,6,6,6,6,6,6,
6,6,6,6,6,6,6,6,6,6,6,6,6,6,6,6,6,6,6,6,6,6,6,6,6,6,6,6,6,6,6,6,6,6,6,6,6,6,6,6,6,6,6,6,6,6,6,6,6,6,6,6,6,6,6,6,6,6,6,6,6,6,6,6,6,6,6,6,6,6,6,6,6,6,6,6,6,6,6,6,6,6,6,6,6,6,6,6,6,6,6,6,6,6,6,6,6,6,6,6,6,6,6,6,6,6,6,6,6,6,6,6,6,6,6,6,6,6,6,6,6,6,6,6,6,6,6,6,
6,6,6,6,6,6,6,6,6,6,6,6,6,6,6,6,6,6,6,6,6,6,6,6,6,6,6,6,6,6,6,6,6,6,6,6,6,6,6,6,6,6,6,6,6,6,6,6,6,6,6,6,6,6,6,6,6,6,6,6,6,6,6,6,6,6,6,6,6,6,6,6,6,6,6,6,6,6,6,6,6,6,6,6,6,6,6,6,6,6,6,6,6,6,6,6,6,6,6,6,6,6,6,6,6,6,6,6,6,6,6,6,6,6,6,6,6,6,6,6,6,6,6,6,6,6,6,6,
6,6,6,6,6,6,6,6,6,6,6,6,6,6,6,7,6,6,6,6,6,6,6,6,6,6,6,6,6,6,6,6,6,6,6,6,6,6,6,6,6,6,6,6,6,6,6,6,6,6,6,6,6,6,6,6,6,6,7,7,6,6,6,6,6,6,6,6,6,6,6,6,6,6,6,6,6,6,6,6,6,6,6,6,6,6,6,6,6,6,6,6,6,6,6,6,6,6,6,6,6,6,6,6,6,6,6,6,6,6,6,6,6,6,6,6,6,6,6,6,6,6,6,6,6,6,6,6,
6,6,6,6,6,6,6,6,6,6,6,6,6,6,6,6,6,6,6,6,6,6,6,6,6,6,6,6,6,6,6,6,6,6,6,6,6,6,6,6,6,6,6,6,6,6,6,6,6,6,6,6,6,6,6,6,6,6,6,6,6,6,6,6,6,6,6,6,6,6,6,6,6,6,6,6,6,6,6,6,6,6,6,6,6,6,6,6,6,6,6,6,6,6,6,6,6,6,6,7,6,6,6,6,6,6,6,6,6,6,6,6,6,6,6,6,6,6,6,6,6,6,6,6,6,6,6,6,
6,6,6,6,6,6,6,6,6,6,6,6,6,6,6,6,6,6,6,6,6,6,6,6,6,6,6,6,6,6,6,6,6,6,6,6,6,6,6,6,6,6,6,6,6,6,6,6,6,6,6,6,6,6,6,6,6,6,6,6,6,6,6,7,7,6,6,6,6,6,6,6,6,6,6,6,6,6,6,6,6,6,6,6,6,6,6,6,6,6,6,6,6,6,6,6,6,6,6,6,6,6,6,6,6,6,6,6,6,6,6,6,6,6,6,6,6,6,6,6,6,6,6,6,6,6,6,6,
6,6,6,6,6,6,6,6,6,6,6,6,6,6,6,6,6,7,7,6,6,6,6,6,6,6,6,6,6,6,6,6,6,6,6,6,6,7,7,6,6,6,6,6,6,6,6,6,6,6,6,6,6,6,6,6,6,6,6,6,6,6,6,6,6,6,6,6,6,6,6,6,6,6,6,6,6,6,6,6,6,6,6,6,6,6,6,6,6,6,6,6,6,6,6,6,6,6,6,6,6,6,6,6,6,6,6,6,6,6,6,6,6,6,6,6,5,6,6,6,6,6,6,6,6,6,6,6,
6,6,6,6,6,6,6,6,6,6,6,6,6,7,6,6,6,6,6,6,6,6,6,6,6,6,6,6,6,6,6,6,6,6,6,6,6,6,6,6,6,6,6,6,6,6,6,6,6,6,6,6,6,6,6,6,6,6,6,6,6,6,6,6,6,6,6,6,6,6,6,6,6,6,6,6,6,6,6,6,6,6,6,6,6,6,6,6,6,6,6,6,6,6,6,6,6,6,6,6,5,5,5,4,3,3,3,3,3,2,2,2,3,4,4,3,3,3,2,2,1,-10,-28,79,136,-10,6,-11,
-151,-155,-32,31,31,14,5,3,4,4,4,4,4,3,3,3,3,3,3,3,3,4,3,3,3,3,3,3,3,3,3,4,4,4,-28,-45,-45,-45,-45,-45,-45,-45,-45,-39,-13,-42,-64,-41,-10,20,12,2,1,-33,-107,-231,-352,-397,-374,-264,-170,-137,-72,-7,21,-12,-65,-116,-172,-198,-142,-59,21,77,103,83,18,-3,-12,-24,-34,-58,-90,-135,-193,-235,-282,-330,-375,-404,-407,-402,-402,-410,-427,-443,-457,-479,-494,-506,-512,-517,-520,-522,-524,-525,-526,-527,-528,-528,-528,-529,-529,-529,-529,-529,-529,-529,-529,-529,-529,-529,-529,-529,-529,-529,-529,-529,
-529,-529,-529,-529,-529,-529,-529,-529,-527,-527,-527,-528,-528,-526,-527,-528,-527,-525,-525,-525,-526,-527,-527,-527,-526,-526,-526,-526,-522,-522,-528,-528,-528,-528,-528,-528,-529,-529,-529,-528,-529,-529,-528,-528,-529,-529,-529,-529,-529,-529,-529,-529,-529,-529,-529,-529,-529,-529,-529,-529,-529,-529,-529,-529,-529,-529,-529,-529,-529,-529,-529,-529,-529,-529,-529,-529,-529,-529,-529,-529,-529,-529,-529,-529,-529,-529,-529,-529,-529,-529,-529,-529,-529,-529,-529,-529,-529,-529,-529,-529,-529,-529,-529,-529,-529,-529,-529,-529,-529,-529,-529,-529,-529,-529,-529,-529,-529,-529,-529,-529,-529,-529,-529,-529,-529,-529,-529,-529,
-529,-529,-529,-529,-529,-529,-529,-529,-529,-529,-529,-529,-529,-529,-529,-529,-529,-529,-529,-529,-529,-529,-529,-529,-529,-529,-529,-529,-529,-529,-529,-529,-529,-529,-529,-529,-529,-529,-529,-529,-529,-529,-529,-529,-529,-529,-529,-529,-529,-529,-529,-529,-529,-529,-529,-529,-529,-529,-529,-529,-529,-529,-529,-529,-529,-529,-529,-529,-529,-529,-529,-529,-529,-529,-529,-529,-529,-529,-529,-529,-529,-529,-529,-529,-529,-529,-529,-529,-529,-529,-529,-529,-529,-529,-529,-529,-529,-529,-529,-529,-529,-529,-529,-529,-529,-529,-529,-529,-529,-529,-529,-529,-529,-529,-529,-529,-529,-529,-529,-529,-529,-529,-529,-529,-529,-529,-529,-529,
-529,-529,-529,-529,-529,-529,-529,-529,-529,-529,-529,-529,-529,-529,-529,-529,-529,-529,-529,-529,-529,-529,-529,-529,-529,-529,-529,-529,-529,-529,-529,-529,-529,-529,-529,-529,-529,-529,-529,-529,-529,-529,-529,-529,-529,-529,-529,-529,-529,-529,-529,-529,-529,-529,-529,-529,-529,-529,-529,-529,-529,-529,-529,-529,-529,-529,-529,-529,-529,-529,-529,-529,-529,-529,-529,-529,-529,-529,-529,-529,-529,-529,-529,-529,-529,-529,-529,-529,-529,-529,-529,-529,-529,-529,-529,-529,-529,-529,-529,-529,-529,-529,-529,-529,-529,-529,-529,-529,-529,-529,-529,-529,-529,-529,-529,-529,-529,-529,-529,-529,-529,-529,-529,-529,-529,-529,-529,-529,
-529,-529,-529,-529,-529,-529,-529,-529,-529,-529,-529,-529,-529,-529,-529,-529,-529,-529,-529,-529,-529,-529,-529,-529,-529,-529,-529,-529,-529,-529,-529,-529,-529,-529,-529,-529,-529,-529,-529,-529,-529,-529,-529,-529,-529,-529,-529,-529,-529,-516,109,351,91,-39,2,13,7,9,10,8,7,5,-65,-132,-53,11,26,18,10,6,5,5,5,5,4,4,4,4,4,4,4,4,4,4,4,4,4,4,4,4,4,4,4,4,4,4,4,4,4,4,4,4,4,4,4,4,4,4,4,4,4,4,4,4,4,4,4,4,4,4,4,4,4,4,4,4,4,-16,
-168,-386,-465,-482,-486,-482,-66,-66,219,219,78,-6,-23,-11,4,4,4,4,4,-2,4,4,4,5,5,4,4,4,5,4,4,4,4,4,4,4,4,4,4,4,4,4,4,4,4,4,4,4,4,4,4,4,4,4,4,4,4,4,4,4,4,4,4,4,4,4,4,4,4,4,4,4,4,4,4,4,4,4,4,4,4,4,4,4,4,4,4,4,4,4,4,4,4,4,5,3,3,4,4,4,4,4,4,4,4,4,4,4,4,4,4,4,4,4,4,4,4,4,4,4,4,4,4,4,4,4,4,4,
4,4,4,4,4,4,4,4,4,4,4,4,4,4,4,4,4,4,4,4,4,4,4,4,4,4,4,4,4,4,4,4,4,4,4,4,4,4,4,4,4,4,4,4,4,4,4,4,4,4,4,4,4,4,4,4,4,4,4,4,4,4,4,4,4,4,4,4,4,4,4,4,4,4,4,4,4,4,4,4,4,4,4,4,4,4,4,4,4,4,4,4,4,4,4,4,4,4,4,4,4,4,4,4,4,4,4,4,4,4,4,4,4,4,4,4,4,4,4,4,4,4,4,4,4,4,4,4,
4,4,4,4,4,4,4,4,4,4,4,4,4,4,4,4,4,4,4,4,4,4,4,4,4,4,4,4,4,4,4,4,4,4,4,4,4,4,4,4,4,4,4,4,4,4,4,4,4,4,4,4,4,4,4,4,4,4,4,4,4,4,4,4,4,4,4,4,4,4,4,4,4,4,4,4,4,4,4,4,4,4,4,4,4,4,4,4,4,4,4,4,4,4,4,4,4,4,4,4,4,4,4,4,4,4,4,4,4,4,4,4,4,4,4,4,4,5,4,5,6,3,7,5,4,7,3,5,
4,2,6,4,5,7,4,7,5,5,3,5,5,3,7,7,6,6,3,3,4,4,7,3,7,8,7,6,6,3,3,3,-19,-19,-19,4,4,9,9,9,9,9,9,9,8,8,8,14,19,22,37,45,15,-91,-69,-191,-254,-158,140,256,117,4,-28,-17,-3,3,4,3,3,3,4,4,4,3,-19,-180,-373,-458,-487,-491,-252,234,221,54,-63,-161,-370,-449,-468,-475,-469,-478,-481,-483,-484,-467,-45,268,159,32,-17,-15,-3,4,5,4,4,4,4,4,4,4,4,4,4,4,4,4,4,4,4,4,4,4,4,4,4,4,
4,4,4,4,4,4,4,4,4,4,4,4,4,4,4,4,4,4,5,5,4,-13,-6,-6,4,4,4,31,31,31,2,-1,-1,-1,-1,-1,-1,-1,-1,0,0,2,1,-5,0,-2,-1,3,-2,-3,-10,-13,-5,-5,-5,-12,-16,-9,-10,-10,-8,-13,-8,-13,-18,-14,-15,-11,-10,-15,-16,-24,-28,-29,-36,-34,-37,-39,-37,-40,-43,-54,-69,-88,-95,-99,-109,-110,-116,-121,-120,-126,-125,-124,-126,-123,-127,-126,-122,-126,-123,-126,-127,-125,-136,-148,-172,-197,-207,-219,-220,-213,-199,-27,377,171,-33,-8,15,9,7,8,7,6,7,8,8,7,
7,7,6,7,7,7,7,6,6,7,7,6,7,5,5,5,6,7,7,7,6,6,6,6,6,6,6,6,6,6,6,6,6,6,6,6,6,6,6,6,6,6,6,6,6,6,6,6,6,6,6,6,6,6,6,6,6,6,6,6,6,6,6,6,6,6,6,6,6,6,6,6,6,6,6,6,6,6,6,6,6,6,6,6,6,6,6,6,6,6,6,6,6,6,6,6,6,6,6,6,6,6,6,6,6,6,6,6,6,6,6,6,6,6,6,6,6,6,6,6,6,6,6,6,6,6,6,6,
6,6,6,6,6,6,6,6,6,6,6,6,6,6,6,6,6,6,6,6,6,6,6,6,6,6,6,6,6,6,6,6,6,6,6,6,6,6,6,6,6,6,6,6,6,6,6,6,6,6,6,6,6,6,6,6,6,6,6,6,6,6,6,6,6,6,6,6,6,6,6,6,6,6,6,6,6,6,6,6,6,6,6,6,6,6,6,6,6,6,6,6,6,6,6,6,6,6,6,6,6,6,6,6,6,6,6,6,6,6,6,6,6,6,6,6,6,6,6,6,6,6,6,6,6,6,6,6,
6,6,6,6,6,6,6,6,6,6,6,6,6,6,6,6,6,6,6,6,6,6,6,6,6,6,6,6,6,6,6,6,6,6,6,6,6,6,6,6,6,6,6,6,6,6,6,6,6,6,6,6,6,6,6,6,6,6,6,6,6,6,6,6,6,6,6,6,6,6,6,6,6,6,6,6,6,6,6,6,6,6,6,6,6,6,6,6,6,6,6,6,6,6,6,6,6,6,6,6,6,6,6,6,6,6,6,6,6,6,6,6,6,6,6,6,6,6,6,6,6,6,6,6,6,6,6,6,
6,6,6,6,6,6,6,6,6,6,6,6,6,6,6,6,6,6,6,6,6,6,6,6,6,6,6,6,6,6,6,6,6,6,6,6,6,6,6,6,6,6,6,6,6,6,6,6,6,6,6,6,6,6,6,6,6,6,6,6,6,6,6,6,6,6,6,6,6,6,6,6,6,6,6,6,6,5,4,5,6,6,6,6,6,6,6,6,6,6,6,6,6,6,6,6,6,6,6,6,6,6,6,6,6,6,6,6,6,6,6,6,6,6,6,6,6,6,6,6,6,6,6,6,6,6,6,6,
6,-53,-53,-546,-561,-561,-552,-539,-527,-517,-509,-499,-499,-496,-488,-488,-488,-487,-487,-487,-487,-487,-487,-486,-486,-486,-486,-486,-486,-486,-486,-486,-486,-486,-486,-486,-486,-486,-484,-486,-494,-502,-508,-512,-516,-519,-522,-523,-525,-526,-527,-528,-528,-528,-529,-529,-529,-529,-529,-529,-529,-529,-529,-529,-529,-530,-529,-530,-530,-530,-530,-529,-529,-529,-529,-530,-529,-529,-529,-530,-529,-529,-530,-530,-530,-529,-530,-530,-530,-529,-529,-529,-529,-529,-529,-529,-530,-529,-529,-529,-529,-529,-529,-529,-529,-529,-529,-529,-529,-529,-529,-529,-529,-529,-529,-529,-529,-529,-529,-529,-529,-529,-529,-529,-529,-529,-529,-529,
-529,-529,-529,-529,-529,-529,-529,-529,-529,-529,-529,-529,-529,-529,-529,-529,-529,-529,-529,-529,-529,-529,-529,-529,-529,-529,-529,-529,-529,-529,-529,-529,-529,-529,-529,-529,-529,-529,-529,-529,-529,-529,-529,-529,-529,-529,-529,-529,-529,-529,-529,-529,-529,-529,-529,-529,-529,-529,-529,-529,-529,-529,-529,-529,-529,-529,-529,-529,-529,-529,-529,-529,-529,-529,-529,-529,-529,-529,-529,-529,-529,-529,-529,-529,-529,-529,-529,-529,-529,-529,-529,-529,-529,-529,-529,-529,-529,-529,-529,-529,-529,-529,-529,-529,-529,-529,-529,-529,-529,-529,-529,-529,-529,-529,-529,-529,-529,-529,-529,-529,-529,-529,-529,-529,-529,-529,-529,-529,
-529,-529,-529,-529,-529,-529,-529,-529,-529,-529,-529,-529,-529,-529,-529,-529,-529,-529,-529,-529,-529,-529,-529,-529,-529,-529,-529,-529,-529,-529,-529,-529,-529,-529,-529,-529,-529,-529,-529,-529,-529,-529,-529,-529,-529,-529,-529,-529,-529,-529,-529,-529,-529,-529,-529,-529,-529,-529,-529,-529,-529,-529,-529,-529,-529,-529,-529,-529,-529,-529,-529,-529,-529,-529,-529,-529,-529,-529,-529,-529,-529,-529,-529,-529,-529,-529,-529,-529,-529,-529,-529,-529,-529,-529,-529,-529,-529,-529,-529,-529,-529,-529,-529,-529,-529,-529,-529,-529,-529,-529,-529,-529,-529,-529,-529,-529,-529,-529,-529,-529,-529,-529,-529,-529,-529,-529,-529,-529,
-529,-529,-529,-529,-529,-529,-529,-529,-529,-529,-529,-529,-529,-529,-529,-529,-529,-529,-529,-529,-529,-529,-529,-529,-529,-529,-529,-529,-529,-529,-529,-529,-529,-529,-529,-529,-529,-529,-529,-529,-529,-529,-529,-529,-529,-529,-529,-529,-529,-529,-529,-529,-529,-529,-529,-529,-529,-529,-529,-529,-529,-529,-529,-529,-529,-529,-529,-529,-529,-529,-529,-529,-529,-529,-529,-529,-529,-529,-529,-529,-529,-529,-529,-529,-529,-529,-529,-529,-529,-529,-529,-529,-529,-529,-529,-529,-529,-529,-529,-529,-529,-529,-529,-529,-529,-529,-529,-529,-529,-529,-529,-529,-529,-529,-529,-529,-529,-529,-529,-529,-529,-529,-529,-529,-529,-529,-529,-529,
-529,-529,-529,-529,-529,-529,-529,-529,-529,-529,-529,-529,-529,-529,-529,-529,-529,-529,-529,-529,-529,-529,-529,-529,-529,-529,-529,-529,-529,-529,-529,-529,-529,-529,-529,-529,-529,-529,-529,-529,-529,-529,-529,-529,-529,-529,-529,-529,-529,-529,-529,-529,-529,-529,-529,-529,-529,-529,-529,-529,-529,-529,-529,-529,-529,-529,-529,-529,-529,-529,-529,-529,-529,-529,-529,-529,-529,-529,-529,-529,-529,-529,-529,-529,-529,-529,-529,-529,-529,-529,-529,-529,-529,-529,-529,-529,-529,-529,-529,-529,-529,-529,-529,-529,-529,-529,-529,-529,-529,-529,-529,-529,-529,-529,-529,-529,-529,-529,-529,-529,-529,-529,-529,-529,-529,-529,-529,-529,
-529,-529,-529,-529,-529,-529,-529,-529,-529,-529,-529,-529,-529,-529,-529,-529,-529,-529,-529,-529,-529,-529,-529,-529,-529,-529,-529,-529,-529,-529,-529,-529,-529,-529,-529,-529,-529,-529,-529,-529,-529,-529,-529,-529,-529,-529,-529,-529,-529,-529,-529,-529,-529,-529,-529,-529,-529,-529,-529,-529,-529,-529,-529,-529,-529,-529,-529,-529,-529,-529,-529,-529,-529,-529,-529,-529,-529,-529,-529,-529,-529,-529,-529,-529,-529,-529,-529,-529,-529,-529,-529,-529,-529,-529,-529,-529,-529,-519,-441,-493,-514,-521,-523,-525,-526,-527,-528,-509,-525,-539,-539,-537,-536,-533,-525,-449,-329,-247,-46,211,163,67,15,3,6,8,-61,-200,
-183,53,222,187,56,-11,-7,4,4,4,4,4,4,4,4,4,4,4,4,4,4,4,4,4,4,4,4,4,4,4,4,4,4,4,4,4,4,4,4,4,4,4,4,4,4,4,4,4,4,4,4,4,4,4,4,4,4,4,4,4,4,4,4,4,4,3,-110,-189,-149,-120,-306,-414,-446,-460,-468,-473,-477,-479,-481,-482,-483,-484,-484,-485,-485,-483,-489,-497,-504,-509,-514,-517,-520,-522,-524,-524,-525,-525,-527,-528,-528,-529,-529,-529,-529,-529,-529,-529,-529,-529,-529,-529,-529,-529,-529,-529,-529,-529,-529,-529,-529,-529,-529,-529,-529,-529,-529,-529,
-529,-529,-529,-529,-529,-529,-529,-529,-529,-529,-529,-529,-529,-529,-529,-529,-529,-529,-529,-529,-525,-328,-518,-412,-412,-412,122,150,150,34,34,34,9,9,9,-6,-6,-6,-6,-6,-6,-152,-152,-86,-2,27,22,11,6,5,5,5,5,4,4,4,4,4,4,4,4,4,4,4,4,4,4,4,4,4,4,4,4,4,4,4,4,4,4,4,4,4,4,4,4,4,4,4,4,4,4,4,4,4,4,4,4,4,4,4,4,4,4,4,4,4,4,4,4,4,4,4,4,4,4,4,4,4,4,4,4,4,4,4,4,4,4,4,
4,4,4,4,4,4,4,4,4,4,4,4,4,4,4,4,4,4,-486,-524,-524,-524,154,154,154,25,25,25,6,6,6,8,8,8,8,8,8,6,6,6,5,5,5,5,5,5,5,5,4,4,4,4,4,4,4,4,4,4,4,4,4,4,4,4,4,4,4,4,4,4,4,4,4,4,4,4,4,4,4,4,4,4,4,4,4,4,4,4,4,4,4,4,4,4,4,4,4,4,4,4,4,4,4,4,4,4,4,4,4,4,4,4,4,4,4,4,4,4,4,4,4,4,4,4,4,4,4,4,
4,4,4,4,4,4,4,4,4,4,4,4,4,4,4,-5,-5,-5,5,5,5,-239,-239,-239,-513,-369,-369,-369,-369,-369,-369,-369,-272,119,339,181,-39,-66,-136,-252,-462,-495,-306,165,206,221,72,-27,-7,5,5,3,4,4,5,5,5,5,5,5,6,5,5,6,5,5,5,3,-3,-45,-205,-467,-543,-544,-534,-523,-514,-507,-502,-498,-495,-493,-491,-490,-489,-489,-488,-440,-300,-155,42,243,285,96,-6,17,25,4,2,5,5,6,6,6,6,6,6,6,6,6,6,6,6,6,6,6,6,6,6,6,6,6,6,6,6,6,6,6,
6,6,6,6,6,6,6,6,6,6,6,6,6,6,6,6,6,6,6,6,6,6,6,6,6,6,6,6,6,6,6,6,6,6,6,6,6,6,6,6,6,6,6,6,6,6,6,6,6,6,6,6,6,6,6,6,6,6,6,6,6,6,6,6,6,6,6,6,6,6,6,6,6,6,6,6,6,6,6,6,6,6,6,6,6,6,6,6,6,6,6,6,6,6,6,6,6,6,6,6,6,6,6,6,6,6,6,6,6,6,6,6,6,6,6,6,6,6,6,6,6,6,6,6,6,6,6,6,
6,6,6,6,6,6,6,6,6,6,6,6,6,6,6,6,6,6,6,6,6,6,6,6,6,6,6,6,6,6,6,6,6,6,6,6,6,6,6,6,6,6,6,6,6,6,6,6,6,6,6,6,6,6,6,6,6,6,6,6,6,6,6,6,6,6,6,6,6,6,6,6,6,6,6,6,6,6,6,6,6,6,6,6,6,6,6,6,6,6,6,6,6,6,6,6,6,6,6,6,6,6,6,6,6,6,6,6,6,6,6,6,6,6,6,6,6,6,6,6,6,6,6,6,6,6,6,6,
6,6,6,6,6,6,6,6,6,6,6,6,6,6,6,6,6,6,6,6,6,6,6,6,6,6,6,6,6,6,6,6,6,6,6,6,6,6,5,6,6,6,6,6,6,6,6,6,6,6,6,6,6,6,6,6,6,6,6,6,6,6,6,6,6,6,6,6,6,6,6,6,6,6,6,6,6,6,6,6,6,6,6,6,6,6,6,6,6,6,6,6,6,6,6,6,6,6,6,6,6,6,6,6,6,6,6,6,7,17,9,-53,-130,-440,-544,-545,-535,-524,-515,-508,-503,-499,-496,-494,-399,-69,239,213,
64,-16,-27,-12,0,3,3,3,3,3,3,4,4,4,4,4,4,4,4,4,4,4,4,4,4,4,4,4,4,4,4,4,4,4,4,4,4,4,4,4,4,4,4,4,4,4,4,-51,-208,-384,-460,-478,-483,-485,-485,-486,-486,-486,-486,-486,-486,-486,-486,-486,-486,-486,-485,-484,-492,-500,-506,-511,-503,-490,-480,-462,-445,-419,-395,-381,-363,-359,-354,-344,117,350,57,-43,8,14,7,7,8,8,7,7,7,7,7,7,7,7,7,6,6,6,6,6,6,6,6,6,6,6,6,6,6,6,6,6,6,6,6,5,5,7,7,6,
6,6,6,6,6,6,6,6,6,6,6,6,6,6,6,6,6,6,6,6,6,6,6,6,6,6,6,6,6,6,6,6,6,6,6,6,6,6,6,6,6,6,6,6,6,6,6,6,6,6,6,6,6,6,6,6,6,6,6,6,6,6,6,6,6,6,6,6,6,6,6,6,6,6,6,6,6,6,6,6,6,6,6,6,6,6,6,6,6,6,6,6,6,6,6,6,6,6,6,6,6,6,6,6,6,6,6,6,6,6,6,6,6,6,6,6,6,6,6,6,6,6,6,6,6,6,6,6,
6,6,6,6,6,6,6,6,6,6,6,6,6,6,6,6,6,6,6,6,6,6,6,6,6,6,6,6,6,6,6,6,6,6,6,6,6,6,6,6,6,6,6,6,6,6,6,6,6,6,6,6,6,6,6,6,6,6,6,6,6,6,6,6,6,6,6,6,6,6,6,6,6,6,6,6,6,6,6,6,6,6,6,6,6,6,6,6,6,6,6,6,6,6,6,6,6,6,6,6,6,6,6,6,6,6,6,6,6,6,6,6,6,6,6,6,6,6,6,6,6,6,6,6,6,6,6,6,
6,6,6,6,6,6,6,6,6,6,6,6,6,6,6,6,6,6,6,6,6,6,6,6,6,6,6,6,6,6,6,6,6,6,6,6,6,6,6,6,6,6,6,6,6,6,6,6,6,6,6,6,6,6,6,6,6,6,6,6,6,6,6,6,6,6,6,6,6,6,6,6,6,6,6,6,6,6,6,6,6,6,6,6,6,6,6,6,6,6,6,6,6,6,6,6,6,6,6,6,6,6,6,6,6,6,6,6,6,6,6,6,6,6,5,5,5,5,6,6,6,-85,-367,-556,-559,-549,-536,-524,
-515,-508,-502,-499,-496,-493,-492,-484,-407,-270,-102,139,121,121,3,-31,-20,-5,2,4,3,3,3,3,4,4,4,4,4,4,4,4,4,4,4,4,4,4,4,4,4,4,4,4,4,4,4,4,4,4,4,4,4,4,4,4,4,4,4,4,4,4,4,4,4,4,4,4,4,4,4,4,4,4,4,4,4,4,4,4,4,4,4,4,4,4,4,4,4,4,4,4,4,4,4,4,4,4,4,4,5,-1,-57,-153,-349,-449,-472,-479,-482,-483,-484,-485,-485,-485,-486,-486,-486,-486,-486,-484,-481,-481,-489,-497,-503,-507,-511,-514,
-515,-517,-518,-518,-519,-519,-519,-519,-519,-519,-518,-518,-517,-516,-515,-515,-514,-513,-513,-513,-512,-483,-482,-482,-480,-480,-480,-485,-485,-485,-521,-523,-523,-523,-523,-523,-523,-523,-523,-526,-526,-527,-528,-528,-528,-529,-529,-529,-529,-529,-529,-529,-529,-529,-529,-529,-529,-529,-529,-529,-529,-529,-529,-529,-529,-529,-529,-529,-529,-529,-529,-529,-529,-529,-529,-529,-529,-529,-529,-529,-529,-529,-529,-529,-529,-529,-529,-529,-529,-529,-529,-529,-529,-529,-529,-529,-529,-529,-529,-529,-529,-529,-529,-529,-529,-529,-529,-529,-529,-529,-529,-529,-529,-529,-529,-529,-529,-529,-529,-529,-529,-529,-529,-529,-529,-529,-529,-529,
-529,-529,-529,-529,-529,-529,-529,-529,-529,-529,-529,-529,-529,-529,-529,-529,-529,-529,-529,-529,-529,-529,-529,-529,-529,-529,-529,-529,-529,-529,-529,-529,-529,-529,-529,-529,-529,-529,-529,-529,-529,-529,-529,-529,-529,-529,-529,-529,-529,-529,-529,-529,-529,-529,-529,-529,-529,-529,-529,-529,-529,-529,-529,-529,-529,-529,-529,-529,-529,-529,-529,-529,-529,-529,-529,-529,-529,-529,-529,-529,-529,-529,-529,-529,-529,-529,-529,-529,-529,-529,-529,-529,-529,-529,-529,-529,-529,-529,-529,-529,-529,-529,-529,-529,-529,-529,-529,-529,-529,-529,-529,-529,-529,-529,-529,-529,-529,-529,-529,-529,-529,-529,-529,-529,-529,-529,-529,-529,
-529,-529,-529,-529,-529,-529,-529,-529,-529,-529,-529,-529,-529,-529,-529,-529,-529,-529,-529,-529,-529,-529,-529,-529,-529,-529,-529,-529,-529,-529,-529,-529,-529,-529,-529,-529,-529,-529,-529,-529,-529,-529,-529,-529,-529,-529,-529,-529,-529,-529,-529,-529,-529,-529,-529,-529,-529,-529,-529,-529,-529,-529,-529,-529,-529,-529,-529,-529,-529,-529,-529,-529,-529,-529,-529,-529,-529,-529,-529,-529,-529,-529,-529,-529,-529,-529,-529,-529,-529,-529,-529,-529,-529,-529,-529,-529,-529,-529,-529,-529,-529,-529,-529,-529,-529,-529,-529,-529,-529,-529,-529,-529,-529,-529,-529,-529,-529,-529,-529,-529,-529,-529,-529,-529,-529,-529,-529,-529,
-529,-529,-529,-529,-529,-529,-529,-529,-529,-529,-529,-529,-529,-529,-529,-529,-529,-529,-529,-529,-529,-529,-529,-529,-529,-529,-529,-529,-529,-529,-529,-529,-529,-529,-529,-529,-529,-529,-529,-529,-529,-529,-529,-529,-529,-529,-529,-529,-529,-529,-529,-529,-529,-529,-529,-529,-529,-529,-529,-529,-529,-529,-529,-529,-529,-529,-529,-529,-529,-529,-529,-529,-529,-529,-529,-529,-529,-529,-529,-529,-529,-529,-529,-529,-529,-529,-529,-529,-529,-529,-529,-529,-529,-529,-529,-529,-529,-529,-529,-529,-529,-529,-529,-529,-529,-529,-529,-529,-529,-529,-529,-529,-529,-529,-529,-529,-529,-529,-529,-529,-529,-529,-529,-529,-529,-529,-529,-529,
-529,-529,-529,-529,-529,-529,-529,-529,-529,-529,-529,-529,-529,-529,-529,-529,-529,-529,-529,-529,-529,-529,-529,-529,-529,-529,-529,-529,-529,-529,-529,-529,-529,-529,-529,-529,-529,-529,-529,-529,-529,-529,-529,-529,-529,-529,-529,-529,-529,-529,-529,-529,-529,-529,-529,-529,-529,-529,-529,-529,-433,-53,116,105,96,79,51,40,24,3,-5,-37,-127,-104,-77,-13,24,43,50,44,4,-92,-167,-136,-115,-87,-59,-56,-78,-79,-70,-167,119,284,237,107,-21,13,2,3,3,4,4,5,5,5,5,6,6,5,6,6,6,6,7,6,7,6,7,7,6,7,7,7,7,7,7,7,
7,6,6,6,6,6,7,7,7,7,6,6,8,8,8,4,7,7,7,6,6,6,6,6,6,6,6,6,7,7,7,7,7,7,8,8,5,7,6,7,7,6,6,6,7,7,7,6,6,6,6,7,6,6,6,7,6,6,6,6,7,6,6,7,6,7,6,7,6,6,7,7,7,7,7,7,6,6,6,6,6,6,7,7,6,6,6,6,7,7,6,7,6,7,7,7,7,7,7,7,7,7,7,6,6,7,6,6,7,7,6,7,7,6,6,6,6,7,7,7,7,6,6,7,7,6,6,7,
6,6,6,6,6,6,7,7,6,6,6,7,7,7,6,6,6,7,7,6,6,6,6,7,7,6,7,7,7,7,6,6,6,6,6,6,6,6,6,6,6,6,6,6,6,7,7,6,6,6,6,5,2,-44,-126,-78,-45,-5,32,59,75,42,0,-8,-3,1,3,4,4,4,5,5,6,6,5,5,5,5,5,5,6,6,6,5,5,5,5,5,5,5,6,5,6,6,5,5,5,6,6,5,5,6,5,5,5,5,6,5,6,5,5,6,5,5,5,5,6,5,5,5,5,5,5,5,6,5,6,5,
5,6,5,6,6,5,6,5,5,5,5,5,5,5,5,5,5,5,6,5,5,6,6,6,6,6,6,6,6,6,6,6,5,5,5,5,5,5,5,5,6,6,6,5,5,6,6,5,6,5,6,6,5,6,5,6,6,5,6,5,6,5,5,6,6,5,6,5,6,6,5,6,5,6,6,5,6,6,5,6,6,6,6,6,6,5,6,6,5,6,6,6,6,5,6,6,6,5,6,6,5,6,6,5,6,5,6,6,6,6,6,6,6,5,6,6,5,6,5,6,6,6,5,5,6,6,6,6,
5,6,6,5,6,6,6,6,6,6,6,5,5,6,5,5,5,6,5,6,6,6,6,6,6,6,6,6,6,6,6,6,6,6,6,6,6,6,5,6,6,6,6,6,6,6,6,6,5,6,6,5,6,6,5,6,5,6,6,6,6,6,6,6,5,6,6,6,6,5,6,6,6,6,6,6,6,5,6,6,6,6,6,6,6,5,6,5,5,6,5,6,6,6,6,6,6,6,6,6,6,6,6,6,6,6,5,5,6,6,5,6,6,6,6,5,6,6,6,6,6,6,6,5,6,5,6,5,
6,6,6,6,6,6,6,6,5,6,6,6,6,5,5,5,5,6,6,6,5,5,5,6,6,6,6,6,6,6,6,6,6,6,6,5,6,6,5,6,6,5,6,5,6,6,6,6,5,6,6,6,6,6,6,5,6,6,6,6,5,6,6,6,6,6,6,6,5,6,6,5,6,6,6,6,6,6,6,6,6,5,6,5,6,6,6,6,6,5,6,5,6,6,5,6,6,6,5,5,6,6,6,6,5,6,6,6,6,6,6,6,5,6,6,6,6,6,6,6,6,6,5,6,6,6,6,6,
6,5,6,6,6,6,5,6,6,6,6,6,6,6,5,6,6,5,5,6,6,6,5,5,5,5,6,6,6,6,6,6,6,6,6,6,6,6,6,6,6,6,6,6,6,5,6,6,6,6,6,6,6,6,6,6,6,6,6,5,6,6,6,6,6,6,6,6,6,6,6,6,6,6,6,6,6,5,6,6,5,5,6,6,6,6,6,6,6,6,6,6,6,5,6,6,6,6,5,6,6,6,6,6,6,6,5,6,6,6,5,6,6,6,6,5,6,6,6,6,6,6,6,6,6,6,6,6,
6,6,6,6,6,6,6,6,6,6,5,6,6,6,5,5,5,6,5,5,5,5,5,6,6,6,5,5,6,6,6,6,6,6,6,5,5,5,5,6,6,6,6,6,6,6,6,6,6,6,6,6,6,6,6,6,6,6,6,6,6,6,5,6,6,6,5,5,5,5,5,6,6,6,6,6,6,6,6,7,6,6,6,6,6,6,6,6,5,5,6,6,6,6,6,6,6,5,7,7,5,7,5,6,79,105,-10,2,9,7,6,6,6,7,6,6,6,7,7,7,6,7,6,6,6,8,6,7,
6,7,6,6,7,7,7,6,6,7,7,7,7,6,6,7,7,7,7,7,7,6,6,6,7,6,6,6,6,6,6,6,6,7,7,6,6,7,6,6,6,6,7,6,7,6,7,6,6,6,6,7,6,7,6,6,7,6,6,6,7,7,10,9,7,14,-2,-1,30,3,5,5,6,5,2,-1,-89,-11,-130,-89,35,25,11,5,4,5,5,4,4,4,4,4,4,4,3,3,3,3,3,3,3,3,3,3,3,3,3,3,3,3,3,3,3,3,3,3,3,3,3,3,3,4,3,3,2,-3,-57,-101,
-4,116,83,-13,-160,-374,-453,-473,-479,-482,-484,-485,-486,-486,-37,-37,170,170,-26,-23,2,2,4,3,4,4,4,4,4,4,4,4,4,-35,-35,-35,-35,-35,-35,-35,-153,-153,-435,-435,-469,-330,-367,-447,-467,-474,-478,-480,-482,-483,-484,-484,-485,-485,-485,-485,-485,-486,-483,-489,-497,-503,-509,-513,-517,-520,-522,-524,-474,-91,218,173,67,11,0,3,7,8,7,7,5,5,5,5,5,5,5,4,4,4,4,4,4,4,4,4,4,4,4,4,4,4,4,4,5,5,5,2,-1,-10,67,-3,-19,-13,-50,-84,-106,-135,-215,-384,-436,-455,-465,-471,
-475,-478,-480,-482,-482,-481,-477,-469,-469,-468,-468,-476,-483,-486,-485,-486,-490,-490,-492,-527,-527,-527,-528,-528,-528,-529,-529,-529,-529,-529,-529,-529,-529,-529,-529,-529,-529,-529,-529,-529,-528,-515,-505,-478,-438,-400,-341,-284,-226,-160,-112,-59,-17,8,32,23,20,17,2,7,-2,-7,-2,-15,-11,-17,-40,-61,-102,-138,-175,-223,-259,-301,-333,-357,-390,-410,-431,-452,-459,-475,-480,-483,-490,-482,-476,-461,-437,-422,-390,-361,-336,-302,-283,-260,-242,-232,-200,-176,-147,-107,-77,-46,-23,-8,8,7,10,5,-6,-31,-50,-65,-91,-106,-127,-146,-156,-176,-184,-190,-197,-191,-188,-177,-159,-148,
-127,-112,-100,-83,-78,-78,-76,-87,-86,-91,-88,-84,-84,-75,-99,-152,-148,-148,-152,-152,-152,-159,-159,-159,-172,-180,-180,-180,-180,-180,-180,-180,-180,-175,-183,-188,-188,-197,-194,-199,-208,-204,-214,-215,-217,-228,-224,-231,-234,-226,-232,-227,-227,-229,-219,-224,-219,-219,-230,-229,-241,-247,-249,-263,-263,-271,-283,-283,-298,-303,-310,-324,-329,-347,-359,-364,-379,-381,-394,-409,-417,-437,-444,-454,-469,-473,-494,-504,-507,-516,-515,-520,-521,-518,-523,-524,-526,-527,-528,-528,-528,-529,-529,-529,-529,-529,-529,-529,-529,-529,-529,-529,-529,-529,-529,-529,-529,-529,-529,-529,-529,-529,-529,-529,-529,-529,-529,-529,
-529,-529,-529,-529,-529,-529,-529,-529,-529,-529,-529,-529,-529,-529,-529,-529,-529,-529,-529,-529,-529,-529,-529,-529,-529,-529,-529,-529,-529,-529,-529,-530,-530,-530,-529,-529,-529,-529,-529,-529,-529,-529,-529,-529,-529,-529,-529,-529,-529,-529,-529,-529,-529,-529,-529,-529,-529,-529,-529,-530,-529,-529,-529,-530,-530,-529,-529,-530,-529,-530,-529,-529,-529,-529,-529,-529,-529,-529,-529,-529,-529,-529,-529,-529,-529,-529,-529,-529,-529,-529,-529,-529,-529,-529,-529,-529,-529,-529,-529,-529,-529,-529,-529,-529,-529,-529,-529,-529,-529,-529,-529,-529,-529,-530,-529,-529,-529,-529,-530,-530,-530,-530,-529,-529,-529,-529,-529,-529,
-529,-529,-529,-529,-529,-529,-529,-530,-530,-530,-530,-530,-530,-529,-529,-529,-529,-529,-529,-529,-529,-529,-529,-529,-529,-529,-529,-529,-529,-529,-529,-529,-529,-529,-529,-529,-529,-529,-529,-529,-529,-529,-529,-529,-529,-529,-529,-529,-529,-529,-529,-529,-529,-529,-529,-529,-529,-529,-530,-530,-529,-530,-529,-529,-529,-529,-529,-529,-529,-530,-529,-529,-529,-529,-529,-529,-529,-529,-529,-529,-529,-529,-529,-529,-529,-529,-529,-529,-529,-529,-529,-529,-529,-529,-529,-529,-529,-529,-529,-529,-529,-529,-529,-529,-529,-529,-529,-529,-529,-529,-529,-529,-529,-529,-529,-529,-529,-529,-529,-529,-529,-529,-529,-529,-529,-529,-529,-529,
-529,-529,-529,-529,-529,-529,-529,-529,-529,-529,-529,-530,-529,-529,-529,-529,-530,-530,-530,-529,-529,-529,-530,-530,-530,-530,-530,-530,-530,-530,-530,-530,-530,-530,-529,-529,-529,-529,-530,-530,-530,-530,-530,-529,-530,-530,-530,-530,-529,-529,-529,-529,-529,-529,-530,-529,-529,-529,-529,-529,-529,-529,-529,-529,-529,-529,-529,-529,-529,-529,-529,-529,-528,-528,-528,-528,-528,-528,-528,-528,-528,-528,-528,-528,-528,-528,-528,-528,-528,-528,-528,-528,-528,-527,-528,-528,-528,-528,-528,-528,-528,-528,-528,-528,-528,-528,-528,-528,-528,-528,-528,-528,-528,-528,-528,-528,-528,-528,-528,-528,-528,-528,-528,-528,-528,-528,-528,-528,
-529,-529,-529,-529,-529,-529,-529,-529,-529,-529,-529,-529,-529,-529,-529,-529,-529,-529,-529,-528,-528,-528,-528,-528,-528,-528,-528,-528,-528,-528,-528,-528,-528,-528,-528,-528,-528,-528,-528,-528,-528,-528,-528,-528,-528,-528,-528,-528,-528,-528,-528,-528,-528,-528,-528,-528,-528,-528,-528,-528,-528,-528,-528,-528,-528,-528,-528,-528,-528,-528,-528,-528,-528,-528,-529,-528,-528,-529,-529,-529,-529,-529,-529,-529,-529,-529,-529,-529,-529,-529,-529,-529,-529,-529,-529,-529,-529,-529,-529,-529,-529,-528,-529,-529,-529,-529,-529,-529,-528,-528,-528,-528,-528,-528,-528,-528,-528,-528,-528,-528,-529,-529,-529,-529,-529,-529,-529,-529,
